1
1(2)
12(3)
12(3)3
123
13
13(B)4(1)
131
14
14(1)
14(1)3
143
146(1)
146(1)3
15
15(1)
15(1)3
15(2)
15(2)3
15(2)4
15(2)6(1)
153
154(1)
156(1)3
16
16(1)
16(1)3
16(1)4
163
164(1)
165(1)
165(1)3
1E3
1E4
1E6
2
2(3)
2(3)3
2(B)5(2)
23
23(B)4(1)
24
24(1)
25(1)
25(2)
25(2)3
26(1)
26(1)4
3
3(1)
3(B)2(3)
3(B)3(1)
3(B)43(1)
3(B)5(1)
3(B)6(1)
3(B)61(1)
3(B)63(1)
3(B)64(1)
3(B)65(2)
3(B)654(1)
31
313
314(1)
32(3)
32(3)1
32(3)4
32(3)8(1)
34
34(1)
34(1)1
34(1)3
341
343
34E1
35(1)
35(1)1
35(1)3
35(1)4
35(2)
35(2)6(1)
36(1)
36(1)1
36(1)3
36(1)4
36(1)5(2)
36(2)
363
3E1
3E4
4
4(1)
4(1)3
41
42(3)
42(3)3
423
43
43(B)3(1)
43(B)6(1)
43(B)64(1)
45(1)
45(1)3
453
46(1)
46(1)3
46(1)5(2)
463
4E3
5
5(1)
5(1)3
5(2)
5(2)2(3)
5(2)25(3)
5(2)3
5(2)4(1)
51
51(2)
52(3)
52(3)3
53
54
54(1)
54(1)3
54(1)6(2)
543
56(1)
56(1)3
56(1)4
56(2)
56(2)4
562(3)
563
564(1)
565(2)
576(2)
5E3
6
6(1)
6(1)3
6(2)
61
62(3)
62(3)5(2)
63
63(B)3(1)
63(B)5(1)
63(B)53(1)
64(1)
64(1)3
64(1)5(2)
64(1)51(2)
64(1)56(2)
643
65(1)
65(1)3
65(2)
65(2)4(1)
653
6E3
7
74(1)
75(2)
8
81(1)
84(1)
85(2)
86(1)
9
92(3)
93
94(1)
96(1)
963(1)
C
D
D14
D17
D18
D19
D3
D34
D38
D39
D4
D46
D47
D48
D49
D5
D54
D56
D57
D58
D59
D6
D67
D68
D69
D7
D76
D78
D8
D86
D87
D89
D9
D93
D94
D98
DGR
E1
E2
E3
E4
E5
E6
E7
E8
E9
FC
FC1
FC2
FC3
FC4
FC5
FC6
FC7
FC8
FC9
HR
HR4
HR7
HR76
HR8
HR9
K
K+CS2(24)
K+CS2(2436)
K+CS2(25)
K+CS2(26)
K+CS3(25)
K+PO1(23)
K+PO1(24)
K+SB2
K+WP
OA
S
S1
S12
S13
S14
S15
S16
S17
S18
S19
S2
S3
S31
S34
S35
S36
S39
S4
S41
S43
S44
S45
S46
S47
S48
S49
S5
S51
S52
S54
S56
S57
S58
S59
S6
S63
S64
S65
S67
S68
S69
S7
S75
S76
S78
S8
S84
S86
S87
S89
S9
S93
S94
S98
T39
T4
T5
T65
T67
T7
T78
T8
T87
T89
T9
T94
T98
